rho R
1.000000000000000048e-04 1.939211789228755700e+00
1.047289838236358574e-04 1.939203177126120003e+00
1.096816005273137988e-04 1.939194157927859541e+00
1.148684256737553575e-04 1.939184712398874799e+00
1.203005349423324252e-04 1.939174820396027954e+00
1.259895277795027079e-04 1.939164460825353986e+00
1.319475521676705977e-04 1.939153611597266069e+00
1.381873305653632058e-04 1.939142249579654420e+00
1.447221870741134306e-04 1.939130350548792237e+00
1.515660758900602733e-04 1.939117889137929929e+00
1.587336111010208739e-04 1.939104838783491047e+00
1.662400978926611885e-04 1.939091171668735125e+00
1.741015652304015381e-04 1.939076858664794845e+00
1.823348000868440328e-04 1.939061869268940752e+00
1.909573832878096753e-04 1.939046171539968721e+00
1.999877270535287046e-04 1.939029732030556064e+00
2.094451143151468647e-04 1.939012515716465046e+00
2.193497398905060170e-04 1.938994485922432842e+00
2.297227536071151275e-04 1.938975604244602469e+00
2.405863054644066888e-04 1.938955830469339281e+00
2.519635929317016348e-04 1.938935122488258278e+00
2.638789104828934487e-04 1.938913436209290575e+00
2.763577014736160343e-04 1.938890725463614295e+00
2.894266124716751731e-04 1.938866941908251151e+00
3.031135501567579151e-04 1.938842034924136204e+00
3.174477409109193664e-04 1.938815951509453850e+00
3.324597932270941534e-04 1.938788636168020663e+00
3.481817630688966228e-04 1.938760030792494371e+00
3.646472223212748952e-04 1.938730074542174497e+00
3.818913304781854329e-04 1.938698703715142191e+00
3.999509097203665198e-04 1.938665851614493896e+00
4.188645235435270735e-04 1.938631448408396185e+00
4.386725591048498511e-04 1.938595420983685536e+00
4.594173134636476670e-04 1.938557692792720388e+00
4.811430839003259341e-04 1.938518183693190178e+00
5.038962625065149942e-04 1.938476809780562693e+00
5.277254352483537903e-04 1.938433483212838260e+00
5.526814857144602593e-04 1.938388112027283450e+00
5.788177037701273779e-04 1.938340599948767951e+00
6.061898993497572431e-04 1.938290846189357541e+00
6.348565216305217035e-04 1.938238745238765937e+00
6.648787838417262669e-04 1.938184186645263152e+00
6.963207939763882718e-04 1.938127054786637826e+00
7.292496916841443785e-04 1.938067228630772298e+00
7.637357916378027063e-04 1.938004581485380795e+00
7.998527336796708211e-04 1.937938980736452432e+00
8.376776400682924180e-04 1.937870287574912309e+00
8.772912801613356321e-04 1.937798356710996872e+00
9.187782428863339613e-04 1.937723036075830629e+00
9.622271173675134553e-04 1.937644166509659094e+00
1.007730682094461726e-03 1.937561581436186398e+00
1.055386103036523061e-03 1.937475106522440482e+00
1.105295141126022172e-03 1.937384559323565014e+00
1.157564369553303572e-03 1.937289748911926512e+00
1.212305401337652891e-03 1.937190475489902974e+00
1.269635127659972731e-03 1.937086529985693417e+00
1.329675967466212609e-03 1.936977693631468878e+00
1.392556128874463273e-03 1.936863737523184525e+00
1.458409882943986291e-03 1.936744422161313484e+00
1.527377850390713911e-03 1.936619496971794030e+00
1.599607301861487915e-03 1.936488699806407698e+00
1.675252472408215532e-03 1.936351756421838655e+00
1.754474890833459741e-03 1.936208379936607438e+00
1.837443724610726692e-03 1.936058270265079262e+00
1.924336141115980028e-03 1.935901113527714879e+00
2.015337685941732959e-03 1.935736581436734438e+00
2.110642679101554751e-03 1.935564330656333043e+00
2.210454629971021680e-03 1.935384002136584458e+00
2.314986671851160856e-03 1.935195220420166784e+00
2.424462017082328232e-03 1.934997592921017251e+00
2.539114433680347144e-03 1.934790709174042833e+00
2.659188744512693513e-03 1.934574140054988067e+00
2.784941350080644140e-03 1.934347436969583445e+00
2.916640776023706957e-03 1.934110131011095524e+00
3.054568246515431892e-03 1.933861732085403462e+00
3.199018284775067330e-03 1.933601728002756648e+00
3.350299341977229679e-03 1.933329583535385865e+00
3.508734455902714783e-03 1.933044739440150206e+00
3.674661940736687841e-03 1.932746611445469220e+00
3.848436109487433227e-03 1.932434589201804886e+00
4.030428030568050657e-03 1.932108035195020168e+00
4.221026320156902843e-03 1.931766283622005975e+00
4.420637972028529546e-03 1.931408639228030522e+00
4.629689226627267500e-03 1.931034376105358330e+00
4.848626481239078079e-03 1.930642736452775399e+00
5.077917243205403233e-03 1.930232929295770283e+00
5.318051128214196926e-03 1.929804129167251414e+00
5.569540905800135847e-03 1.929355474748813970e+00
5.832923594286206458e-03 1.928886067472745713e+00
6.108761607505039208e-03 1.928394970085126170e+00
6.397643955748430651e-03 1.927881205170594692e+00
6.700187503509590602e-03 1.927343753639576107e+00
7.017038286703829696e-03 1.926781553179019557e+00
7.348872892180387945e-03 1.926193496667972127e+00
7.696399902471158169e-03 1.925578430559633958e+00
8.060361408861344348e-03 1.924935153231884355e+00
8.441534596012984296e-03 1.924262413308627018e+00
8.840733401525063123e-03 1.923558907954751040e+00
9.258810253973953977e-03 1.922823281147930663e+00
9.696657893145520235e-03 1.922054121930997006e+00
1.015521127634568151e-02 1.921249962649158372e+00
1.063544957486011258e-02 1.920409277176924112e+00
1.113839826482619470e-02 1.919530479140246104e+00
1.166513131698196197e-02 1.918611920140065319e+00
1.221677348996791888e-02 1.917651887984204384e+00
1.279450273207873370e-02 1.916648604935366595e+00
1.339955269659338401e-02 1.915600225983838278e+00
1.403321537605484691e-02 1.914504837154458405e+00
1.469684386112445930e-02 1.913360453858361732e+00
1.539185522990205342e-02 1.912165019301113267e+00
1.611973357388157141e-02 1.910916402959917937e+00
1.688203316700362736e-02 1.909612399143827632e+00
1.768038178457208634e-02 1.908250725652085311e+00
1.851648417912156105e-02 1.906829022547081420e+00
1.939212572065831044e-02 1.905344851059778355e+00
2.030917620904736792e-02 1.903795692646896631e+00
2.126959386668691998e-02 1.902178948220648813e+00
2.227542951999558762e-02 1.900491937573353551e+00
2.332883097864158276e-02 1.898731899020856151e+00
2.443204762186489132e-02 1.896895989290279250e+00
2.558743520168589233e-02 1.894981283679290751e+00
2.679746087325692375e-02 1.892984776515697298e+00
2.806470846309838674e-02 1.890903381947822703e+00
2.939188398646887246e-02 1.888733935097734573e+00
3.078182142565080021e-02 1.886473193610941346e+00
3.223748878149030467e-02 1.884117839637654335e+00
3.376199441111340377e-02 1.881664482282112250e+00
3.535859366535179515e-02 1.879109660557683581e+00
3.703069584005141274e-02 1.876449846886563355e+00
3.878187145610723779e-02 1.873681451183723867e+00
4.061585988376979761e-02 1.870800825565409387e+00
4.253657732750387027e-02 1.867804269722763255e+00
4.454812518844988856e-02 1.864688037001149601e+00
4.665479882234473130e-02 1.861448341225292458e+00
4.886109671160326212e-02 1.858081364309434713e+00
5.117173007114604599e-02 1.854583264690323308e+00
5.359163290848514838e-02 1.850950186618799398e+00
5.612597255954971526e-02 1.847178270343126982e+00
5.878016072274912240e-02 1.843263663213839942e+00
6.155986501483507595e-02 1.839202531735738555e+00
6.447102107323869624e-02 1.834991074587712712e+00
6.751984523072501743e-02 1.830625536625216876e+00
7.071284778942996119e-02 1.826102223873414809e+00
7.405684692262434754e-02 1.821417519511258964e+00
7.755898323389001647e-02 1.816567900837964933e+00
8.122673500479719866e-02 1.811549957203537398e+00
8.506793416364161198e-02 1.806360408874138512e+00
8.909078300934142325e-02 1.800996126791216012e+00
9.330387172620370484e-02 1.795454153170441991e+00
9.771619672696181536e-02 1.789731722872720754e+00
1.023371798632520258e-01 1.783826285464891637e+00
1.071766885445503414e-01 1.777735527872371435e+00
1.122450568085306966e-01 1.771457397510055820e+00
1.175531073878369887e-01 1.764990125761421336e+00
1.231121748203890809e-01 1.758332251659228795e+00
1.289341296525715608e-01 1.751482645604734989e+00
1.350314037869873585e-01 1.744440532946134326e+00
1.414170170289023865e-01 1.737205517221424467e+00
1.481046048880675370e-01 1.729777602856340746e+00
1.551084476952840630e-01 1.722157217094759663e+00
1.624435010958867054e-01 1.714345230927492691e+00
1.701254279852589257e-01 1.706342978775964081e+00
1.781706319545730832e-01 1.698152276680397144e+00
1.865962923181745947e-01 1.689775438738093660e+00
1.954204007974053303e-01 1.681215291536652057e+00
2.046617999391989740e-01 1.672475186329788865e+00
2.143402233514856703e-01 1.663559008710156606e+00
2.244763378413223709e-01 1.654471185544390766e+00
2.350917875457286810e-01 1.645216688950751793e+00
2.462092401494625493e-01 1.635801037119270829e+00
2.578524352884273840e-01 1.626230291798206107e+00
2.700462352420682222e-01 1.616511052298818418e+00
2.828166780230032540e-01 1.606650445902756408e+00
2.961910329772553530e-01 1.596656114592369446e+00
3.101978590138096958e-01 1.586536198063633440e+00
3.248670655878374558e-01 1.576299313023531878e+00
3.402299765678071242e-01 1.565954528818030767e+00
3.563193971228587609e-01 1.555511339482522626e+00
3.731696837732755290e-01 1.544979632352931898e+00
3.908168177536268106e-01 1.534369653421764790e+00
4.092984818452442553e-01 1.523691969668302004e+00
4.286541408420929677e-01 1.512957428634971402e+00
4.489251258218607821e-01 1.502177115561806886e+00
4.701547224022134541e-01 1.491362308426920080e+00
4.923882631706741342e-01 1.480524431272276731e+00
5.156732244854969061e-01 1.469675006220096281e+00
5.400593278542373810e-01 1.458825604605243020e+00
5.655986461065007909e-01 1.447987797662620535e+00
5.923457145875805629e-01 1.437173107215472534e+00
6.203576476104274429e-01 1.426392956810473178e+00
6.496942604146124234e-01 1.415658623738581978e+00
6.804181968927101032e-01 1.404981192366959730e+00
7.125950633568410852e-01 1.394371509187170899e+00
7.462935686310137040e-01 1.383840139958850024e+00
7.815856707684091242e-01 1.373397329296619285e+00
8.185467307069028697e-01 1.363052963012008068e+00
8.572556731909324323e-01 1.352816533482248174e+00
8.977951553033323151e-01 1.342697108274962137e+00
9.402517429670131932e-01 1.332703302212840502e+00
9.847160957933773773e-01 1.322843253016317222e+00
1.031283160672184840e+00 1.313124600615929616e+00
1.080052374516254021e+00 1.303554470180316338e+00
1.131127876593921444e+00 1.294139458861527370e+00
1.184618730902684769e+00 1.284885626217152854e+00
1.240639159058831709e+00 1.275798488229454408e+00
1.299308784200417177e+00 1.266883014805631147e+00
1.360752886424333230e+00 1.258143630611121555e+00
1.425102670302999197e+00 1.249584219059635570e+00
1.492495545051829131e+00 1.241208129259739446e+00
1.563075417945817502e+00 1.233018185698284475e+00
1.636993001611701803e+00 1.225016700425872296e+00
1.714406135851971991e+00 1.217205487498696836e+00
1.795480124687830470e+00 1.209585879424427413e+00
1.880388089340916613e+00 1.202158745356954439e+00
1.969311337907421855e+00 1.194924510785614347e+00
2.062439752514092728e+00 1.187883178468517542e+00
2.159972194782717292e+00 1.181034350366530372e+00
2.262116930469026510e+00 1.174377250343847656e+00
2.369092074182632235e+00 1.167910747412636674e+00
2.481126055137770514e+00 1.161633379312427383e+00
2.598458104929247003e+00 1.155543376229519525e+00
2.721338768375308526e+00 1.149638684477187311e+00
2.850030438518105225e+00 1.143916989973658760e+00
2.984807916924327564e+00 1.138375741371326910e+00
3.125959000482284367e+00 1.133012172707220433e+00
3.273785095948577251e+00 1.127823325461096537e+00
3.428601863556590246e+00 1.122806069923480310e+00
3.590739891061054845e+00 1.117957125791332329e+00
3.760545399658175914e+00 1.113273081923657593e+00
3.938380983288488846e+00 1.108750415203163975e+00
4.124626382901356081e+00 1.104385508462935928e+00
4.319679297334173995e+00 1.100174667448964527e+00
4.523956232538058231e+00 1.096114136800223182e+00
4.737893390963144213e+00 1.092200115037800012e+00
4.961947603002908380e+00 1.088428768563370008e+00
5.196597302486197556e+00 1.084796244675068078e+00
5.442343548300272005e+00 1.081298683615606882e+00
5.699711094326075589e+00 1.077932229673336906e+00
5.969249509970739886e+00 1.074693041361903800e+00
6.251534353689711665e+00 1.071577300708294933e+00
6.547168402004742482e+00 1.068581221682417093e+00
6.856782936641738324e+00 1.065701057804004481e+00
7.181039092537356616e+00 1.062933108964654982e+00
7.520629269592406629e+00 1.060273727504215335e+00
7.876278611187062850e+00 1.057719323581635340e+00
8.248746552614580452e+00 1.055266369880850430e+00
8.638828442740454250e+00 1.052911405692287694e+00
9.047357242349292505e+00 1.050651040410277570e+00
9.475205302806546825e+00 1.048481956486032374e+00
9.923286228832544964e+00 1.046400911874999284e+00
1.039255682936713043e+01 1.044404742016305621e+00
1.088401916069005537e+01 1.042490361380778330e+00
1.139872266616052521e+01 1.040654764622635176e+00
1.193776641714435804e+01 1.038895027368462065e+00
1.250230145991456077e+01 1.037208306675530212e+00
1.309353327353609586e+01 1.035591841189906548e+00
1.371272434398400897e+01 1.034042951033164126e+00
1.436119685999080176e+01 1.032559037444863215e+00
1.504033553638025111e+01 1.031137582206332226e+00
1.575159057091624426e+01 1.029776146869658682e+00
1.649648074098020700e+01 1.028472371814219022e+00
1.727659664669038264e+01 1.027223975151529300e+00
1.809360410738716496e+01 1.026028751497702896e+00
1.894924771873823488e+01 1.024884570631366509e+00
1.984535457805803205e+01 1.023789376053497291e+00
2.078383818579759534e+01 1.022741183464331627e+00
2.176670253153459100e+01 1.021738079171240043e+00
2.279604637318982086e+01 1.020778218440273166e+00
2.387406771860646870e+01 1.019859823802965693e+00
2.500306851906326244e+01 1.018981183328925288e+00
2.618545958474232549e+01 1.018140648873745890e+00
2.742376573264952455e+01 1.017336634310853638e+00
2.872063117797828014e+01 1.016567613755035016e+00
3.007882518043102138e+01 1.015832119784581655e+00
3.150124795755327867e+01 1.015128741668249956e+00
3.299093687770942296e+01 1.014456123602530457e+00
3.455107294592217926e+01 1.013812962964091291e+00
3.618498759642750429e+01 1.013198008581664755e+00
3.789616980644716193e+01 1.012610059031105125e+00
3.968827354637166138e+01 1.012047960956853787e+00
4.156512558225988130e+01 1.011510607422582364e+00
4.353073364731891814e+01 1.010996936293381498e+00
4.558929499981059053e+01 1.010505928651475482e+00
4.774520538566131478e+01 1.010036607247104312e+00
5.000306842491090009e+01 1.009588034985899885e+00
5.236770544204655664e+01 1.009159313453807716e+00
5.484416576121014941e+01 1.008749581480343993e+00
5.743773748826586711e+01 1.008358013740757064e+00
6.015395880274832763e+01 1.007983819397456626e+00
6.299862978380693335e+01 1.007626240780888249e+00
6.597782479539546330e+01 1.007284552109876330e+00
6.909790545715645749e+01 1.006958058251306687e+00
7.236553422869664587e+01 1.006646093518903218e+00
7.578768863625930408e+01 1.006348020510734687e+00
7.937167617217558302e+01 1.006063228984992897e+00
8.312514989890631512e+01 1.005791134773505568e+00
8.705612479099873724e+01 1.005531178732365527e+00
9.117299484984921776e+01 1.005282825729007845e+00
9.548455102782303072e+01 1.005045563665004194e+00
1.000000000000000000e+02 1.004818902533810121e+00
