rho R
1.000000000000000048e-04 1.521643210346138986e+01
1.047289838236358574e-04 1.521540928960704520e+01
1.096816005273137988e-04 1.521433826481795215e+01
1.148684256737553575e-04 1.521321676444203774e+01
1.203005349423324252e-04 1.521204241820140624e+01
1.259895277795027079e-04 1.521081274533869099e+01
1.319475521676705977e-04 1.520952514954746349e+01
1.381873305653632058e-04 1.520817691367768809e+01
1.447221870741134306e-04 1.520676519420717732e+01
1.515660758900602733e-04 1.520528701546930428e+01
1.587336111010208739e-04 1.520373926362738359e+01
1.662400978926611885e-04 1.520211868038536096e+01
1.741015652304015381e-04 1.520042185642460097e+01
1.823348000868440328e-04 1.519864522455583256e+01
1.909573832878096753e-04 1.519678505257540202e+01
1.999877270535287046e-04 1.519483743581435675e+01
2.094451143151468647e-04 1.519279828936885757e+01
2.193497398905060170e-04 1.519066333999995955e+01
2.297227536071151275e-04 1.518842811769062706e+01
2.405863054644066888e-04 1.518608794684761598e+01
2.519635929317016348e-04 1.518363793713549548e+01
2.638789104828934487e-04 1.518107297393007116e+01
2.763577014736160343e-04 1.517838770837806983e+01
2.894266124716751731e-04 1.517557654704997105e+01
3.031135501567579151e-04 1.517263364117261659e+01
3.174477409109193664e-04 1.516955287542822894e+01
3.324597932270941534e-04 1.516632785630636349e+01
3.481817630688966228e-04 1.516295189999542004e+01
3.646472223212748952e-04 1.515941801980028814e+01
3.818913304781854329e-04 1.515571891307293662e+01
3.999509097203665198e-04 1.515184694764292317e+01
4.188645235435270735e-04 1.514779414773511590e+01
4.386725591048498511e-04 1.514355217936222608e+01
4.594173134636476670e-04 1.513911233518035182e+01
4.811430839003259341e-04 1.513446551879624025e+01
5.038962625065149942e-04 1.512960222851576830e+01
5.277254352483537903e-04 1.512451254052390048e+01
5.526814857144602593e-04 1.511918609148765924e+01
5.788177037701273779e-04 1.511361206057441642e+01
6.061898993497572431e-04 1.510777915087968815e+01
6.348565216305217035e-04 1.510167557025985197e+01
6.648787838417262669e-04 1.509528901156711100e+01
6.963207939763882718e-04 1.508860663228625221e+01
7.292496916841443785e-04 1.508161503357486843e+01
7.637357916378027063e-04 1.507430023871146219e+01
7.998527336796708211e-04 1.506664767095885260e+01
8.376776400682924180e-04 1.505864213085351366e+01
8.772912801613356321e-04 1.505026777293519658e+01
9.187782428863339613e-04 1.504150808193531752e+01
9.622271173675134553e-04 1.503234584844715549e+01
1.007730682094461726e-03 1.502276314410576852e+01
1.055386103036523061e-03 1.501274129631126719e+01
1.105295141126022172e-03 1.500226086253502622e+01
1.157564369553303572e-03 1.499130160425509040e+01
1.212305401337652891e-03 1.497984246057441560e+01
1.269635127659972731e-03 1.496786152158335526e+01
1.329675967466212609e-03 1.495533600153662057e+01
1.392556128874463273e-03 1.494224221192430591e+01
1.458409882943986291e-03 1.492855553452666051e+01
1.527377850390713911e-03 1.491425039455343082e+01
1.599607301861487915e-03 1.489930023398034464e+01
1.675252472408215532e-03 1.488367748520817813e+01
1.754474890833459741e-03 1.486735354518346952e+01
1.837443724610726692e-03 1.485029875013457357e+01
1.924336141115980028e-03 1.483248235109247837e+01
2.015337685941732959e-03 1.481387249038230358e+01
2.110642679101554751e-03 1.479443617928913746e+01
2.210454629971021680e-03 1.477413927712036035e+01
2.314986671851160856e-03 1.475294647190635189e+01
2.424462017082328232e-03 1.473082126300198524e+01
2.539114433680347144e-03 1.470772594587275961e+01
2.659188744512693513e-03 1.468362159937187705e+01
2.784941350080644140e-03 1.465846807583761446e+01
2.916640776023706957e-03 1.463222399436417120e+01
3.054568246515431892e-03 1.460484673762355712e+01
3.199018284775067330e-03 1.457629245264073781e+01
3.350299341977229679e-03 1.454651605594924568e+01
3.508734455902714783e-03 1.451547124357928986e+01
3.674661940736687841e-03 1.448311050635504671e+01
3.848436109487433227e-03 1.444938515100161958e+01
4.030428030568050657e-03 1.441424532758527732e+01
4.221026320156902843e-03 1.437764006383206628e+01
4.420637972028529546e-03 1.433951730688963089e+01
4.629689226627267500e-03 1.429982397311441034e+01
4.848626481239078079e-03 1.425850600648090172e+01
5.077917243205403233e-03 1.421550844622035825e+01
5.318051128214196926e-03 1.417077550430301791e+01
5.569540905800135847e-03 1.412425065337948737e+01
5.832923594286206458e-03 1.407587672579269800e+01
6.108761607505039208e-03 1.402559602426094543e+01
6.397643955748430651e-03 1.397335044481414812e+01
6.700187503509590602e-03 1.391908161253863696e+01
7.017038286703829696e-03 1.386273103064930190e+01
7.348872892180387945e-03 1.380424024336145905e+01
7.696399902471158169e-03 1.374355101297661541e+01
8.060361408861344348e-03 1.368060551152610316e+01
8.441534596012984296e-03 1.361534652723306493e+01
8.840733401525063123e-03 1.354771768595599113e+01
9.258810253973953977e-03 1.347766368766490963e+01
9.696657893145520235e-03 1.340513055787412178e+01
1.015521127634568151e-02 1.333006591381276884e+01
1.063544957486011258e-02 1.325241924495583490e+01
1.113839826482619470e-02 1.317214220736421382e+01
1.166513131698196197e-02 1.308918893109322212e+01
1.221677348996791888e-02 1.300351633972496757e+01
1.279450273207873370e-02 1.291508448086319305e+01
1.339955269659338401e-02 1.282385686620000520e+01
1.403321537605484691e-02 1.272980081952566422e+01
1.469684386112445930e-02 1.263288783080631994e+01
1.539185522990205342e-02 1.253309391420486740e+01
1.611973357388157141e-02 1.243039996766891697e+01
1.688203316700362736e-02 1.232479213146252306e+01
1.768038178457208634e-02 1.221626214277843303e+01
1.851648417912156105e-02 1.210480768334071122e+01
1.939212572065831044e-02 1.199043271669858868e+01
2.030917620904736792e-02 1.187314781172739764e+01
2.126959386668691998e-02 1.175297044869686047e+01
2.227542951999558762e-02 1.162992530414710224e+01
2.332883097864158276e-02 1.150404451073444889e+01
2.443204762186489132e-02 1.137536788817784483e+01
2.558743520168589233e-02 1.124394314145808060e+01
2.679746087325692375e-02 1.110982602250063778e+01
2.806470846309838674e-02 1.097308045171282487e+01
2.939188398646887246e-02 1.083377859594997972e+01
3.078182142565080021e-02 1.069200089975575629e+01
3.223748878149030467e-02 1.054783606705828447e+01
3.376199441111340377e-02 1.040138099090678026e+01
3.535859366535179515e-02 1.025274062929878482e+01
3.703069584005141274e-02 1.010202782567327340e+01
3.878187145610723779e-02 9.949363073222745157e+00
4.061585988376979761e-02 9.794874222801189134e+00
4.253657732750387027e-02 9.638696134864913390e+00
4.454812518844988856e-02 9.480970276569372857e+00
4.665479882234473130e-02 9.321844265845358635e+00
4.886109671160326212e-02 9.161471364979291820e+00
5.117173007114604599e-02 9.000009926911745950e+00
5.359163290848514838e-02 8.837622798131354429e+00
5.612597255954971526e-02 8.674476682664584715e+00
5.878016072274912240e-02 8.510741472231684313e+00
6.155986501483507595e-02 8.346589548143271031e+00
6.447102107323869624e-02 8.182195060938761699e+00
6.751984523072501743e-02 8.017733194107766082e+00
7.071284778942996119e-02 7.853379418480451513e+00
7.405684692262434754e-02 7.689308744017320230e+00
7.755898323389001647e-02 7.525694975769077644e+00
8.122673500479719866e-02 7.362709980712701885e+00
8.506793416364161198e-02 7.200522972001702549e+00
8.909078300934142325e-02 7.039299816900933315e+00
9.330387172620370484e-02 6.879202374315624091e+00
9.771619672696181536e-02 6.720387867378517122e+00
1.023371798632520258e-01 6.563008296038608691e+00
1.071766885445503414e-01 6.407209894011579365e+00
1.122450568085306966e-01 6.253132633818258235e+00
1.175531073878369887e-01 6.100909782967015360e+00
1.231121748203890809e-01 5.950667513642683204e+00
1.289341296525715608e-01 5.802524567562229230e+00
1.350314037869873585e-01 5.656591976959345125e+00
1.414170170289023865e-01 5.512972841979047800e+00
1.481046048880675370e-01 5.371762164110780446e+00
1.551084476952840630e-01 5.233046734674649869e+00
1.624435010958867054e-01 5.096905076809187030e+00
1.701254279852589257e-01 4.963407438897310620e+00
1.781706319545730832e-01 4.832615836915830521e+00
1.865962923181745947e-01 4.704584142806212732e+00
1.954204007974053303e-01 4.579358215642952423e+00
2.046617999391989740e-01 4.456976072121124233e+00
2.143402233514856703e-01 4.337468092695670130e+00
2.244763378413223709e-01 4.220857259579678278e+00
2.350917875457286810e-01 4.107159422743945854e+00
2.462092401494625493e-01 3.996383590051409307e+00
2.578524352884273840e-01 3.888532237702664318e+00
2.700462352420682222e-01 3.783601637257296257e+00
2.828166780230032540e-01 3.681582195624470977e+00
2.961910329772553530e-01 3.582458804579113920e+00
3.101978590138096958e-01 3.486211196551155744e+00
3.248670655878374558e-01 3.392814303648946428e+00
3.402299765678071242e-01 3.302238617108325336e+00
3.563193971228587609e-01 3.214450544600869097e+00
3.731696837732755290e-01 3.129412763083497584e+00
3.908168177536268106e-01 3.047084565122704980e+00
4.092984818452442553e-01 2.967422196876064344e+00
4.286541408420929677e-01 2.890379186158098967e+00
4.489251258218607821e-01 2.815906659254193034e+00
4.701547224022134541e-01 2.743953645372488204e+00
4.923882631706741342e-01 2.674467367837834786e+00
5.156732244854969061e-01 2.607393521332374231e+00
5.400593278542373810e-01 2.542676534673131705e+00
5.655986461065007909e-01 2.480259818787509563e+00
5.923457145875805629e-01 2.420085999702389579e+00
6.203576476104274429e-01 2.362097136501673411e+00
6.496942604146124234e-01 2.306234924330736735e+00
6.804181968927101032e-01 2.252440882634808350e+00
7.125950633568410852e-01 2.200656528912383170e+00
7.462935686310137040e-01 2.150823538345060459e+00
7.815856707684091242e-01 2.102883889732566569e+00
8.185467307069028697e-01 2.056779998217042493e+00
8.572556731909324323e-01 2.012454835324836822e+00
8.977951553033323151e-01 1.969852036888113833e+00
9.402517429670131932e-01 1.928915999433383766e+00
9.847160957933773773e-01 1.889591965640664339e+00
1.031283160672184840e+00 1.851826099486228117e+00
1.080052374516254021e+00 1.815565551684675816e+00
1.131127876593921444e+00 1.780758516043282391e+00
1.184618730902684769e+00 1.747354277333887929e+00
1.240639159058831709e+00 1.715303251275929197e+00
1.299308784200417177e+00 1.684557017208977880e+00
1.360752886424333230e+00 1.655068344015277804e+00
1.425102670302999197e+00 1.626791209832499252e+00
1.492495545051829131e+00 1.599680816075061296e+00
1.563075417945817502e+00 1.573693596259078342e+00
1.636993001611701803e+00 1.548787220101936368e+00
1.714406135851971991e+00 1.524920593342757424e+00
1.795480124687830470e+00 1.502053853705187958e+00
1.880388089340916613e+00 1.480148363398962497e+00
1.969311337907421855e+00 1.459166698532123441e+00
2.062439752514092728e+00 1.439072635781468046e+00
2.159972194782717292e+00 1.419831136645201664e+00
2.262116930469026510e+00 1.401408329578755829e+00
2.369092074182632235e+00 1.383771490292638129e+00
2.481126055137770514e+00 1.366889020469828964e+00
2.598458104929247003e+00 1.350730425139952784e+00
2.721338768375308526e+00 1.335266288928005807e+00
2.850030438518105225e+00 1.320468251377090230e+00
2.984807916924327564e+00 1.306308981527155355e+00
3.125959000482284367e+00 1.292762151915414215e+00
3.273785095948577251e+00 1.279802412148659974e+00
3.428601863556590246e+00 1.267405362183309681e+00
3.590739891061054845e+00 1.255547525435529055e+00
3.760545399658175914e+00 1.244206321831216711e+00
3.938380983288488846e+00 1.233360040893994425e+00
4.124626382901356081e+00 1.222987814958498509e+00
4.319679297334173995e+00 1.213069592586313084e+00
4.523956232538058231e+00 1.203586112252617690e+00
4.737893390963144213e+00 1.194518876363175552e+00
4.961947603002908380e+00 1.185850125653463261e+00
5.196597302486197556e+00 1.177562814014631032e+00
5.442343548300272005e+00 1.169640583784441468e+00
5.699711094326075589e+00 1.162067741535408594e+00
5.969249509970739886e+00 1.154829234386935077e+00
6.251534353689711665e+00 1.147910626863362760e+00
6.547168402004742482e+00 1.141298078315396092e+00
6.856782936641738324e+00 1.134978320918384576e+00
7.181039092537356616e+00 1.128938638257322324e+00
7.520629269592406629e+00 1.123166844505226747e+00
7.876278611187062850e+00 1.117651264198652239e+00
8.248746552614580452e+00 1.112380712611546807e+00
8.638828442740454250e+00 1.107344476726367155e+00
9.047357242349292505e+00 1.102532296799375811e+00
9.475205302806546825e+00 1.097934348515258840e+00
9.923286228832544964e+00 1.093541225724678378e+00
1.039255682936713043e+01 1.089343923757017274e+00
1.088401916069005537e+01 1.085333823299433620e+00
1.139872266616052521e+01 1.081502674832341970e+00
1.193776641714435804e+01 1.077842583610615135e+00
1.250230145991456077e+01 1.074345995179092572e+00
1.309353327353609586e+01 1.071005681410420296e+00
1.371272434398400897e+01 1.067814727052770696e+00
1.436119685999080176e+01 1.064766516774651173e+00
1.504033553638025111e+01 1.061854722693714725e+00
1.575159057091624426e+01 1.059073292376318864e+00
1.649648074098020700e+01 1.056416437294446231e+00
1.727659664669038264e+01 1.053878621726549003e+00
1.809360410738716496e+01 1.051454552088882277e+00
1.894924771873823488e+01 1.049139166683940916e+00
1.984535457805803205e+01 1.046927625852707155e+00
2.078383818579759534e+01 1.044815302517547950e+00
2.176670253153459100e+01 1.042797773102771108e+00
2.279604637318982086e+01 1.040870808820030247e+00
2.387406771860646870e+01 1.039030367306000624e+00
2.500306851906326244e+01 1.037272584599969738e+00
2.618545958474232549e+01 1.035593767449253466e+00
2.742376573264952455e+01 1.033990385930606548e+00
2.872063117797828014e+01 1.032459066376085532e+00
3.007882518043102138e+01 1.030996584592097420e+00
3.150124795755327867e+01 1.029599859360678993e+00
3.299093687770942296e+01 1.028265946212333359e+00
3.455107294592217926e+01 1.026992031460068011e+00
3.618498759642750429e+01 1.025775426484574426e+00
3.789616980644716193e+01 1.024613562260794808e+00
3.968827354637166138e+01 1.023503984116427734e+00
4.156512558225988130e+01 1.022444346713224261e+00
4.353073364731891814e+01 1.021432409242221562e+00
4.558929499981059053e+01 1.020466030824364045e+00
4.774520538566131478e+01 1.019543166108242804e+00
5.000306842491090009e+01 1.018661861056975759e+00
5.236770544204655664e+01 1.017820248916531112e+00
5.484416576121014941e+01 1.017016546358068929e+00
5.743773748826586711e+01 1.016249049787143699e+00
6.015395880274832763e+01 1.015516131812876477e+00
6.299862978380693335e+01 1.014816237870457272e+00
6.597782479539546330e+01 1.014147882990587668e+00
6.909790545715645749e+01 1.013509648709717048e+00
7.236553422869664587e+01 1.012900180115159809e+00
7.578768863625930408e+01 1.012318183019408124e+00
7.937167617217558302e+01 1.011762421258179501e+00
8.312514989890631512e+01 1.011231714106948232e+00
8.705612479099873724e+01 1.010724933810920101e+00
9.117299484984921776e+01 1.010241003223609768e+00
9.548455102782303072e+01 1.009778893549373668e+00
1.000000000000000000e+02 1.009337622185440875e+00
