rho R
1.000000000000000048e-04 1.521013321347639291e+01
3.981071705534973523e-04 1.516141309412396154e+01
1.584893192461114082e-03 1.490944677679161856e+01
6.309573444801930275e-03 1.399178148023311863e+01
2.511886431509579437e-02 1.129008757390419149e+01
1.000000000000000056e-01 6.648194741908568517e+00
3.981071705534969252e-01 3.017639695732611038e+00
1.584893192461114042e+00 1.567395854734189076e+00
6.309573444801929831e+00 1.146360270643006052e+00
2.511886431509577022e+01 1.036990226751491218e+00
1.000000000000000000e+02 1.009320064027046326e+00
