rho R
1.000000000000000048e-04 1.938586542563411452e+00
3.981071705534973523e-04 1.936515966998808125e+00
1.584893192461114082e-03 1.936600080008562319e+00
6.309573444801930275e-03 1.926005071888153397e+00
2.511886431509579437e-02 1.897298533982981761e+00
1.000000000000000056e-01 1.786951110968620693e+00
3.981071705534969252e-01 1.530285819675746284e+00
1.584893192461114042e+00 1.231720044487042864e+00
6.309573444801929831e+00 1.070807775795817207e+00
2.511886431509577022e+01 1.018880892440958474e+00
1.000000000000000000e+02 1.004810807661866479e+00
