dmc_dB sigma2
-5.627337968534283164e+01 9.999999999999999547e-07
-5.599699777579508719e+01 1.065707914178696352e-06
-5.572061586624734986e+01 1.135733358343105172e-06
-5.544423395669960541e+01 1.210360028382996471e-06
-5.516785204715187518e+01 1.289890261253308021e-06
-5.489147013760413074e+01 1.374646259839676598e-06
-5.461508822805640051e+01 1.464971398307284876e-06
-5.433870631850865607e+01 1.561231613221504608e-06
-5.406232440896091873e+01 1.663816886076127416e-06
-5.378594249941318139e+01 1.773142823235483237e-06
-5.350956058986543695e+01 1.889652339691211599e-06
-5.323317868031770672e+01 2.013817453455210105e-06
-5.295679677076996228e+01 2.146141197858405979e-06
-5.268041486122222494e+01 2.287159659502645638e-06
-5.240403295167448050e+01 2.437444150122221785e-06
-5.212765104212675027e+01 2.597603521153812588e-06
-5.185126913257900583e+01 2.768286630392066801e-06
-5.157488722303127560e+01 2.950184970723894732e-06
-5.129850531348353115e+01 3.144035471591499959e-06
-5.102212340393579382e+01 3.350623484533604295e-06
-5.074574149438805648e+01 3.570785964900462606e-06
-5.046935958484031204e+01 3.805414862632635291e-06
-5.019297767529258181e+01 4.055460735840827523e-06
-4.991659576574483737e+01 4.321936601826528998e-06
-4.964021385619710003e+01 4.605922041145103558e-06
-4.936383194664935559e+01 4.908567571338431269e-06
-4.908745003710162536e+01 5.231099308056258461e-06
-4.881106812755388091e+01 5.574823932450255996e-06
-4.853468621800614358e+01 5.941133984965040091e-06
-4.825830430845840624e+01 6.331513506973245873e-06
-4.798192239891066180e+01 6.747544053110699385e-06
-4.770554048936293157e+01 7.190911098669455316e-06
-4.742915857981518712e+01 7.663410868007462581e-06
-4.715277667026745689e+01 8.166957611638568377e-06
-4.687639476071971245e+01 8.703591361485165528e-06
-4.660001285117197511e+01 9.275486195712056095e-06
-4.632363094162423067e+01 9.884959046625586455e-06
-4.604724903207650044e+01 1.053447908732116668e-05
-4.577086712252875600e+01 1.122667773510813544e-05
-4.549448521298101866e+01 1.196435931223850072e-05
-4.521810330343328133e+01 1.275051240713012877e-05
-4.494172139388553688e+01 1.358832198211223642e-05
-4.466533948433780665e+01 1.448118227674533057e-05
-4.438895757479006221e+01 1.543271055899176974e-05
-4.411257566524233198e+01 1.644676177994662642e-05
-4.383619375569458754e+01 1.752744419150082178e-05
-4.355981184614684310e+01 1.867913599020784571e-05
-4.328342993659910576e+01 1.990650305478458139e-05
-4.300704802705137553e+01 2.121451784910627868e-05
-4.273066611750363109e+01 2.260847956727777316e-05
-4.245428420795589375e+01 2.409403560239526900e-05
-4.217790229840815641e+01 2.567720442597585718e-05
-4.190152038886041197e+01 2.736439997074671947e-05
-4.162513847931266753e+01 2.916245761557606454e-05
-4.134875656976493730e+01 3.107866187782013960e-05
-4.107237466021720707e+01 3.312077592527659393e-05
-4.079599275066946262e+01 3.529707302730650319e-05
-4.051961084112171818e+01 3.761637007254393261e-05
-4.024322893157398084e+01 4.008806328898464845e-05
-3.996684702202624351e+01 4.272216631116739502e-05
-3.969046511247850617e+01 4.552935074866947907e-05
-3.941408320293076883e+01 4.852098942027481250e-05
-3.913770129338303860e+01 5.170920242896755246e-05
-3.886131938383528706e+01 5.510690626441898897e-05
-3.858493747428754972e+01 5.872786613189488590e-05
-3.830855556473981238e+01 6.258675171958728021e-05
-3.803217365519208215e+01 6.669919663030114546e-05
-3.775579174564433771e+01 7.108186171827296973e-05
-3.747940983609659327e+01 7.575250258771920673e-05
-3.720302792654886304e+01 8.073004152657435573e-05
-3.692664601700111859e+01 8.603464416684509228e-05
-3.665026410745338126e+01 9.168780118215481747e-05
-3.637388219790564392e+01 9.771241535346501675e-05
-3.609750028835790658e+01 1.041328943557035078e-04
-3.582111837881016214e+01 1.109752496412072157e-04
-3.554473646926242481e+01 1.182672018205909310e-04
-3.526835455971468747e+01 1.260382929679727457e-04
-3.499197265016695724e+01 1.343200063055415396e-04
-3.471559074061920569e+01 1.431458937523479946e-04
-3.443920883107146835e+01 1.525517118540598938e-04
-3.416282692152373102e+01 1.625755666443795110e-04
-3.388644501197599368e+01 1.732580680250011326e-04
-3.361006310242825634e+01 1.846424942895544350e-04
-3.333368119288051901e+01 1.967749674580727027e-04
-3.305729928333277456e+01 2.097046401323232709e-04
-3.278091737378503723e+01 2.234838946290121353e-04
-3.250453546423730700e+01 2.381685551976158279e-04
-3.222815355468956255e+01 2.538181141826048332e-04
-3.195177164514181811e+01 2.704959730463137079e-04
-3.167538973559408078e+01 2.882696992289235285e-04
-3.139900782604634699e+01 3.072112998861758928e-04
-3.112262591649860610e+01 3.273975136138221505e-04
-3.084624400695086877e+01 3.489101213406773793e-04
-3.056986209740313143e+01 3.718362776498086979e-04
-3.029348018785539409e+01 3.962688638701478009e-04
-3.001709827830765676e+01 4.223068643690165258e-04
-2.974071636875991942e+01 4.500557675700497698e-04
-2.946433445921217142e+01 4.796279933211698319e-04
-2.918795254966443764e+01 5.111433483440170787e-04
-2.891157064011670030e+01 5.447295116100165941e-04
-2.863518873056895586e+01 5.805225516094901636e-04
-2.835880682102121852e+01 6.186674776094436843e-04
-2.808242491147348474e+01 6.593188271333548555e-04
-2.780604300192574385e+01 7.026412920430313023e-04
-2.752966109237800651e+01 7.488103857590022510e-04
-2.725327918283026563e+01 7.980131543225704336e-04
-2.697689727328252474e+01 8.504489341802685823e-04
-2.670051536373478740e+01 9.063301597607484718e-04
-2.642413345418704651e+01 9.658832241158708896e-04
-2.614775154463930917e+01 1.029349396112717863e-03
-2.587136963509156828e+01 1.096985797892384082e-03
-2.559498772554383095e+01 1.169066446555544351e-03
-2.531860581599609361e+01 1.245883364295008152e-03
-2.504222390644835983e+01 1.327747761472768519e-03
-2.476584199690062249e+01 1.414991297434575876e-03
-2.448946008735287450e+01 1.507967424170009044e-03
-2.421307817780513716e+01 1.607052818261640176e-03
-2.393669626825739982e+01 1.712648906924606152e-03
-2.366031435870966249e+01 1.825183494319044218e-03
-2.338393244916192160e+01 1.945112494724131162e-03
-2.310755053961418426e+01 2.072921779595371904e-03
-2.283116863006644337e+01 2.209129145988172720e-03
-2.255478672051871314e+01 2.354286414322417659e-03
-2.227840481097097225e+01 2.508981663986783062e-03
-2.200202290142322425e+01 2.673841615839949500e-03
-2.172564099187549402e+01 2.849534171260984482e-03
-2.144925908232774958e+01 3.036771118035460487e-03
-2.117287717278001580e+01 3.236311014039674767e-03
-2.089649526323227491e+01 3.448962260405759751e-03
-2.062011335368453757e+01 3.675586376618059873e-03
-2.034373144413679668e+01 3.917101490809260511e-03
-2.006734953458905935e+01 4.174486059396594236e-03
-1.979096762504132201e+01 4.448782831127585241e-03
-1.951458571549358112e+01 4.741103071594973857e-03
-1.923820380594584023e+01 5.052631065335684915e-03
-1.896182189639810289e+01 5.384628913753371389e-03
-1.868543998685036556e+01 5.738441648302398251e-03
-1.840905807730262822e+01 6.115502679648502499e-03
-1.813267616775488733e+01 6.517339604882426730e-03
-1.785629425820714999e+01 6.945580396313452351e-03
-1.757991234865941266e+01 7.401959996915644276e-03
-1.730353043911167532e+01 7.888327349147112796e-03
-1.702714852956393088e+01 8.406652885618334445e-03
-1.675076662001619354e+01 8.959036511956623011e-03
-1.647438471046845621e+01 9.547716114208066110e-03
-1.619800280092072242e+01 1.017507662524298404e-02
-1.592162089137297798e+01 1.084365968689610799e-02
-1.564523898182523531e+01 1.155617394698566641e-02
-1.536885707227750153e+01 1.231550603292826118e-02
-1.509247516272975886e+01 1.312473224640712741e-02
-1.481609325318202508e+01 1.398713102647238665e-02
-1.453971134363428241e+01 1.490619623156601466e-02
-1.426332943408654863e+01 1.588565129428052766e-02
-1.398694752453880596e+01 1.692946430619780840e-02
-1.371056561499107218e+01 1.804186409392071616e-02
-1.343418370544332952e+01 1.922735735142776237e-02
-1.315780179589558685e+01 2.049074689815850309e-02
-1.288141988634785307e+01 2.183715113680004261e-02
-1.260503797680011040e+01 2.327202478960412046e-02
-1.232865606725237662e+01 2.480118099724386987e-02
-1.205227415770463395e+01 2.643081486974108163e-02
-1.177589224815690017e+01 2.816752858487498248e-02
-1.149951033860915750e+01 3.001835813575592232e-02
-1.122312842906142372e+01 3.199080183592547394e-02
-1.094674651951368105e+01 3.409285069746814667e-02
-1.067036460996593839e+01 3.633302080520448701e-02
-1.039398270041820460e+01 3.872038781812556923e-02
-1.011760079087046194e+01 4.126462373784479942e-02
-9.841218881322728151e+00 4.397603609302721400e-02
-9.564836971774985486e+00 4.686560969854709074e-02
-9.288455062227251702e+00 4.994505115855139843e-02
-9.012073152679509036e+00 5.322683629372809005e-02
-8.735691243131775252e+00 5.672426068491977919e-02
-8.459309333584032586e+00 6.045149353785447821e-02
-8.182927424036289921e+00 6.442363508721384024e-02
-7.906545514488556137e+00 6.865677777260398296e-02
-7.630163604940812583e+00 7.316807143427207782e-02
-7.353781695393079687e+00 7.797579279269578612e-02
-7.077399785845337021e+00 8.309941949353404078e-02
-6.801017876297603237e+00 8.855970901791447580e-02
-6.524635966749860572e+00 9.437878277775391123e-02
-6.248254057202126788e+00 1.005802157368041738e-01
-5.971872147654384122e+00 1.071891319205128673e-01
-5.695490238106641456e+00 1.142323062016348673e-01
-5.419108328558906784e+00 1.217382727739662052e-01
-5.142726419011165007e+00 1.297374407536606988e-01
-4.866344509463432111e+00 1.382622173764656293e-01
-4.589962599915688557e+00 1.473471392899946830e-01
-4.313580690367954773e+00 1.570290124729377401e-01
-4.037198780820212107e+00 1.673470613480749769e-01
-3.760816871272478767e+00 1.783430876931909326e-01
-3.484434961724736546e+00 1.900616399936988221e-01
-3.208053052177002318e+00 2.025501939230666404e-01
-2.931671142629259652e+00 2.158593446822417994e-01
-2.655289233081516986e+00 2.300430119772921556e-01
-2.378907323533783202e+00 2.451586584657043655e-01
-2.102525413986040981e+00 2.612675225563331760e-01
-1.826143504438306975e+00 2.784348665061447403e-01
-1.549761594890564087e+00 2.967302408188872698e-01
-1.273379685342830081e+00 3.162277660168379412e-01
